NAME beeg
27x27
BG Grass
===
Rect (1 1) (1 2) (1 3) (1 4) (1 5) (1 6) (1 7) (1 8) (1 9) (1 10) (1 11) (1 12) (1 13) (1 15) (1 16) (1 17) (1 18) (1 19) (1 20) (1 21) (1 22) (1 23) (1 24) (1 25) (1 26) (1 27) (2 1) (2 27) (3 1) (3 27) (4 1) (4 27) (5 1) (5 27) (6 1) (6 27) (7 1) (7 27) (8 1) (8 27) (9 1) (9 27) (10 1) (10 27) (11 1) (11 27) (12 1) (12 27) (13 1) (13 27) (14 1) (14 27) (15 1) (15 27) (16 1) (16 27) (17 1) (17 27) (18 1) (18 27) (19 1) (19 27) (20 1) (20 27) (21 1) (21 27) (22 1) (22 27) (23 1) (23 27) (24 1) (24 27) (25 1) (25 27) (26 1) (26 27) (27 1) (27 2) (27 3) (27 4) (27 5) (27 6) (27 7) (27 8) (27 9) (27 10) (27 11) (27 12) (27 13) (27 14) (27 15) (27 16) (27 17) (27 18) (27 19) (27 20) (27 21) (27 22) (27 23) (27 24) (27 25) (27 26) (27 27) 
Birb (7 7) (7 8) (7 9) (7 10) (7 11) (7 12) (7 13) (7 14) (7 15) (7 16) (7 17) (7 18) (7 19) (7 20) (7 21) (8 7) (8 21) (9 7) (9 21) (10 7) (10 21) (11 7) (11 21) (12 7) (12 21) (13 7) (13 21) (14 7) (14 21) (15 7) (15 21) (16 7) (16 21) (17 7) (17 21) (18 7) (18 21) (19 7) (19 21) (20 7) (20 21) (21 7) (21 8) (21 9) (21 10) (21 11) (21 12) (21 13) (21 15) (21 16) (21 17) (21 18) (21 19) (21 20) (21 21) 
Water (9 9) (9 10) (9 11) (9 12) (9 13) (9 15) (9 16) (9 17) (9 18) (9 19) (10 9) (10 19) (11 9) (11 19) (12 9) (12 19) (13 9) (13 19) (14 9) (14 19) (15 9) (15 19) (16 9) (16 19) (17 9) (17 19) (18 9) (18 19) (19 9) (19 10) (19 11) (19 12) (19 13) (19 14) (19 15) (19 16) (19 17) (19 18) (19 19) 
Spikes (3 3) (3 4) (3 5) (3 6) (3 7) (3 8) (3 9) (3 10) (3 11) (3 12) (3 13) (3 14) (3 15) (3 16) (3 17) (3 18) (3 19) (3 20) (3 21) (3 22) (3 23) (3 24) (3 25) (4 3) (4 25) (5 3) (5 25) (6 3) (6 25) (7 3) (7 25) (8 3) (8 25) (9 3) (9 25) (10 3) (10 25) (11 3) (11 25) (12 3) (12 25) (13 3) (13 25) (14 3) (14 25) (15 3) (15 25) (16 3) (16 25) (17 3) (17 25) (18 3) (18 25) (19 3) (19 25) (20 3) (20 25) (21 3) (21 25) (22 3) (22 25) (23 3) (23 25) (24 3) (24 25) (25 3) (25 4) (25 5) (25 6) (25 7) (25 8) (25 9) (25 10) (25 11) (25 12) (25 13) (25 15) (25 16) (25 17) (25 18) (25 19) (25 20) (25 21) (25 22) (25 23) (25 24) (25 25) 
Save (13 13) (13 15) (14 13) (14 15) (15 13) (15 14) (15 15) 
Lava (11 11) (11 12) (11 13) (11 14) (11 15) (11 16) (11 17) (12 11) (12 17) (13 11) (13 17) (14 11) (14 17) (15 11) (15 17) (16 11) (16 17) (17 11) (17 12) (17 13) (17 15) (17 16) (17 17) 
Wug (5 5) (5 6) (5 7) (5 8) (5 9) (5 10) (5 11) (5 12) (5 13) (5 15) (5 16) (5 17) (5 18) (5 19) (5 20) (5 21) (5 22) (5 23) (6 5) (6 23) (7 5) (7 23) (8 5) (8 23) (9 5) (9 23) (10 5) (10 23) (11 5) (11 23) (12 5) (12 23) (13 5) (13 23) (14 5) (14 23) (15 5) (15 23) (16 5) (16 23) (17 5) (17 23) (18 5) (18 23) (19 5) (19 23) (20 5) (20 23) (21 5) (21 23) (22 5) (22 23) (23 5) (23 6) (23 7) (23 8) (23 9) (23 10) (23 11) (23 12) (23 13) (23 14) (23 15) (23 16) (23 17) (23 18) (23 19) (23 20) (23 21) (23 22) (23 23) 
